5.000000  5.000000  0.812494  0.428267
5.100000  5.100000  0.819288  0.421887
5.200000  5.200000  0.825260  0.415636
5.300000  5.300000  0.830454  0.409515
5.400000  5.400000  0.834908  0.403523
5.500000  5.500000  0.838662  0.397658
5.600000  5.600000  0.841756  0.391921
5.700000  5.700000  0.844227  0.386308
5.800000  5.800000  0.846112  0.380819
5.900000  5.900000  0.847445  0.375451
6.000000  6.000000  0.848262  0.370202
6.100000  6.100000  0.848593  0.365070
6.200000  6.200000  0.848471  0.360052
6.300000  6.300000  0.847926  0.355146
